1 17 1 1 M
1 44 0 0 F
1 48 1 0 M
1 55 0 0 M
1 75 1 1 F
0 35 0 1 F
0 42 1 1 M
0 57 0 0 M 
0 28 0 1 M
0 20 0 1 F
0 38 1 0 F
0 45 0 1 M
0 47 1 1 F
0 52 0 0 M
0 55 0 1 F
1 68 1 0 F
1 18 1 0 M
1 68 0 0 F
1 48 1 1 F
1 17 0 0 M
1 70 1 1 M
1 72 1 0 F
1 35 0 1 F
1 19 1 0 F
1 62 1 0 M
0 39 1 1 F
0 40 1 1 M
0 55 0 0 M
0 68 0 1 F
0 25 1 0 M
0 17 0 0 M
0 45 0 1 M
0 44 0 1 F
0 67 0 0 F
0 55 0 1 M
1 61 1 0 F
1 19 1 0 F
1 69 0 0 M
1 23 1 1 F
1 19 0 0 M
1 72 1 1 F
1 74 1 0 F
1 31 0 1 F
1 16 1 0 M
1 61 1 0 M
